20
20
5
1
1
1
1
1
1
1
1
1
1
1
1
1
1
1
1
1
1
6
3
0
0
0
0
0
0
0
0
0
0
0
0
0
0
0
0
0
0
3
3
0
0
0
0
0
0
0
0
0
0
0
0
0
0
0
0
0
0
3
3
0
0
25
25
25
25
25
25
25
25
25
25
25
25
25
25
0
0
3
3
0
0
25
25
25
25
25
25
25
25
25
25
25
25
25
25
0
0
3
3
0
0
25
25
25
25
25
25
25
25
25
25
25
25
25
25
0
0
3
3
0
0
25
25
25
25
25
25
25
25
25
25
25
25
25
25
0
0
3
3
0
0
25
25
25
25
25
25
25
25
25
25
25
25
25
25
0
0
3
3
0
0
25
25
25
25
25
25
0
0
25
25
25
25
25
25
0
0
3
3
0
0
25
25
25
25
25
0
0
18
0
25
25
25
25
25
0
0
3
7
0
0
25
25
25
25
25
0
0
0
0
25
25
25
25
25
0
0
3
0
0
0
25
25
25
25
25
25
0
0
25
25
25
25
25
25
0
0
3
8
0
0
25
25
25
25
25
25
25
25
25
25
25
25
25
25
0
0
3
3
0
0
25
25
25
25
25
25
25
25
25
25
25
25
25
25
0
0
3
3
0
0
25
25
25
25
25
25
25
25
25
25
25
25
25
25
0
0
3
3
0
0
25
25
25
25
25
25
25
25
25
25
25
25
25
25
0
0
3
3
0
0
25
25
25
25
25
25
25
25
25
25
25
25
25
25
0
0
3
3
0
0
0
0
0
0
0
0
0
0
0
0
0
0
0
0
0
0
3
3
0
0
0
0
0
0
0
0
0
0
0
0
0
0
0
0
0
0
3
2
1
1
1
1
1
1
1
1
1
1
1
1
1
1
1
1
1
1
4
